-1.8950
0.8613
-1.8720
0.7033
-1.7534
0.6718
-1.7430
0.7371
-1.9500
0.7464
-1.8761
0.7589
-1.8573
0.7070
-1.7847
0.7385
-1.7326
0.7847
-1.8573
0.6757
-1.8251
0.7233
-1.9008
0.8974
-1.6531
0.8226
-1.8359
0.7460
-1.8630
0.7232
-1.6470
0.6478
-1.8402
0.7082
-1.8018
0.6589
-1.8448
0.6396
-1.7977
0.7911
-1.8718
0.6369
-1.8827
0.7442
-1.7703
0.5684
-1.7446
0.6877
-1.9366
0.8577
-1.8072
0.7620
-1.8223
0.7953
-1.7528
0.7583
-1.7598
0.7900
-1.8155
0.7298
-1.8116
0.7863
-1.8451
0.7606
-1.8588
0.7820
-1.9014
0.8584
-1.9253
0.7632
-1.8073
0.6884
-1.7559
0.8634
-1.7547
0.6408
-1.8910
0.7219
-1.7341
0.7883
-1.8225
0.7689
-1.7574
0.7017
-1.8610
0.6560
-1.8109
0.7333
-1.8474
0.7597
-1.7767
0.7712
-1.7796
0.7505
-1.8660
0.6814
-1.8967
0.6341
-1.8911
0.8232
-1.8085
0.6865
-1.7665
0.7131
-1.8148
0.8245
-1.8032
0.7387
-1.7966
0.7081
-1.8356
0.6974
-1.8349
0.8113
-1.9092
0.7171
-1.7405
0.7823
-1.6982
0.7841
-1.8610
0.6512
-1.7726
0.6709
-1.8411
0.6717
-1.8080
0.8048
-1.8846
0.7927
-1.8081
0.6961
-1.8149
0.8197
-1.8242
0.7671
-1.7880
0.7545
-1.9497
0.7809
-1.8845
0.6977
-1.8499
0.6346
-1.7584
0.8332
-1.7419
0.7471
-1.8418
0.7363
-1.7685
0.6002
-1.7454
0.7041
-1.9260
0.6708
-1.9108
0.6534
-1.8413
0.7228
-1.8489
0.8165
-1.8064
0.5948
-1.8018
0.8199
-1.8841
0.6859
-1.7871
0.7125
-1.7905
0.7859
-1.8907
0.7834
-1.8160
0.6940
-1.7538
0.8557
-1.8673
0.7832
-1.7409
0.7673
-1.8491
0.6797
-1.8871
0.8414
-1.8247
0.7446
-1.9524
0.7864
-1.6270
0.7180
-1.8793
0.7219
-1.9799
0.6938
-1.7908
0.6880
-1.7085
0.6831
-1.7341
0.8205
-1.7704
0.7005
-1.8266
0.7217
-1.7593
0.7200
-1.8672
0.6276
-1.7128
0.6680
-1.8081
0.7539
-1.9815
0.6925
-1.9243
0.8006
-1.8760
0.7676
-1.8018
0.5904
-1.8383
0.7188
-1.8660
0.6826
-1.8550
0.6507
-1.8434
0.7819
-1.8147
0.6906
-1.7726
0.7865
-1.7016
0.6845
-1.8428
0.7625
-1.8623
0.7947
-1.7936
0.7113
-1.9573
0.7134
-1.8621
0.8032
-1.7608
0.7736
-1.7754
0.7331
-1.8453
0.6847
-1.8379
0.7071
-1.8124
0.7483
-1.8416
0.8378
-1.8796
0.7297
-1.7833
0.8038
-1.7920
0.7383
-1.8143
0.6455
-1.7999
0.6951
-1.8512
0.7600
-1.7901
0.6633
-1.8255
0.8453
-1.8357
0.6770
-1.8578
0.7891
-1.8734
0.7143
-1.7091
0.7928
-1.8602
0.7155
-1.8028
0.7934
-1.9350
0.7590
